[SUL] [12,83 | 97,19 | 966,93 | 918,40]
[OESTE] [8,20 | 83,32 | 1027,36 | 104,76]
[NORTE] [25,66 | 61,35 | 1012,83 | 484,89]
[LESTE] [-4,09 | 58,11 | 988,30 | 103,14]
[LESTE] [6,33 | 12,29 | 974,15 | 748,42]
[NORTE] [15,15 | 37,29 | 978,48 | 107,04]
[OESTE] [7,13 | 97,75 | 1014,46 | 494,23]
[SUL] [30,80 | 42,35 | 974,32 | 202,96]
[LESTE] [20,28 | 11,89 | 1007,22 | 256,23]
[SUL] [36,04 | 72,73 | 978,31 | 311,66]
[NORTE] [5,06 | 52,85 | 1008,41 | 477,24]
[OESTE] [3,87 | 26,22 | 956,74 | 430,51]
[LESTE] [0,20 | 47,07 | 1024,51 | 647,28]
[SUL] [9,00 | 16,84 | 1003,81 | 261,97]
[NORTE] [16,22 | 64,94 | 1032,08 | 612,95]
[OESTE] [4,32 | 89,18 | 980,39 | 763,89]
[SUL] [6,41 | 96,26 | 1034,75 | 690,11]
[LESTE] [2,24 | 34,93 | 1009,32 | 425,71]
[NORTE] [24,36 | 80,31 | 1007,20 | 454,65]
[OESTE] [14,39 | 82,74 | 1010,93 | 993,95]
[SUL] [-3,42 | 73,47 | 1008,79 | 542,15]
[LESTE] [21,62 | 78,28 | 1019,44 | 988,15]
[NORTE] [20,20 | 64,35 | 1033,51 | 104,64]
[OESTE] [24,01 | 12,54 | 962,74 | 538,24]
[SUL] [3,73 | 68,29 | 996,37 | 109,71]
[NORTE] [20,70 | 95,60 | 1038,40 | 387,62]
[OESTE] [27,86 | 26,90 | 954,45 | 766,66]
[LESTE] [-5,66 | 73,93 | 954,97 | 819,73]
[SUL] [38,17 | 27,39 | 975,34 | 694,40]
[OESTE] [34,34 | 61,22 | 952,39 | 233,24]
[NORTE] [21,49 | 50,70 | 956,18 | 907,02]
[LESTE] [16,93 | 91,09 | 960,73 | 783,11]
[NORTE] [15,80 | 65,87 | 1028,40 | 470,41]
[LESTE] [9,24 | 30,25 | 951,24 | 280,31]
[SUL] [-6,96 | 57,10 | 1018,69 | 788,44]
[OESTE] [-8,84 | 82,52 | 1026,09 | 616,30]
[NORTE] [8,39 | 25,56 | 981,34 | 940,61]
[OESTE] [11,40 | 87,48 | 967,17 | 615,61]
[LESTE] [-5,79 | 73,16 | 999,22 | 733,07]
[SUL] [-7,74 | 27,92 | 1001,33 | 492,80]
[NORTE] [13,93 | 75,02 | 1025,64 | 326,59]
[LESTE] [4,66 | 57,82 | 1027,98 | 568,60]
[SUL] [-5,33 | 49,84 | 983,25 | 115,45]
[OESTE] [-4,16 | 70,15 | 1018,49 | 157,69]
[LESTE] [10,12 | 93,38 | 1013,38 | 166,73]
[NORTE] [1,04 | 90,55 | 1027,98 | 285,86]
[SUL] [3,10 | 48,66 | 1000,76 | 624,37]
[OESTE] [27,28 | 43,35 | 957,10 | 926,40]
[LESTE] [34,20 | 58,46 | 991,78 | 367,83]
[NORTE] [27,07 | 95,42 | 969,04 | 846,61]
[SUL] [23,96 | 12,31 | 1031,34 | 857,25]
[OESTE] [24,67 | 85,31 | 974,99 | 237,23]
[NORTE] [6,78 | 16,78 | 1011,81 | 396,05]
[SUL] [27,05 | 45,91 | 990,19 | 570,49]
[LESTE] [-4,35 | 55,19 | 976,36 | 822,48]
[OESTE] [-2,64 | 49,82 | 952,14 | 625,11]
[SUL] [7,05 | 59,53 | 986,71 | 594,49]
[NORTE] [24,43 | 21,13 | 989,54 | 448,15]
[LESTE] [32,77 | 46,38 | 953,18 | 280,79]
[OESTE] [-2,57 | 81,43 | 1039,66 | 816,17]
[SUL] [4,63 | 87,12 | 1030,27 | 210,12]
[NORTE] [29,45 | 30,91 | 974,49 | 194,85]
[OESTE] [-1,52 | 10,68 | 1006,56 | 139,55]
[LESTE] [25,06 | 51,02 | 1003,49 | 481,28]
[SUL] [14,95 | 77,50 | 1028,10 | 499,35]
[NORTE] [-2,64 | 54,82 | 1044,55 | 227,81]
[LESTE] [8,63 | 90,95 | 1032,82 | 250,59]
[OESTE] [31,20 | 71,42 | 979,53 | 467,58]
[LESTE] [3,27 | 59,61 | 954,47 | 292,36]
[SUL] [10,28 | 69,26 | 993,53 | 386,66]
[LESTE] [18,69 | 71,60 | 962,04 | 788,84]
[NORTE] [13,42 | 93,36 | 1023,29 | 575,24]
[NORTE] [37,48 | 21,29 | 981,38 | 389,41]
[SUL] [15,18 | 87,69 | 1009,48 | 388,02]
[OESTE] [21,25 | 57,39 | 1035,53 | 536,91]
[LESTE] [30,61 | 23,79 | 982,94 | 437,88]
[SUL] [-2,02 | 60,75 | 1010,91 | 947,79]
[LESTE] [38,61 | 59,89 | 1048,65 | 847,16]
[OESTE] [5,94 | 85,02 | 1019,88 | 875,93]
[NORTE] [39,51 | 67,70 | 988,48 | 628,51]
[SUL] [9,10 | 15,83 | 997,11 | 155,74]
[OESTE] [22,35 | 18,35 | 1045,12 | 454,37]
[LESTE] [33,02 | 93,06 | 1044,09 | 123,88]
[NORTE] [4,30 | 97,35 | 995,89 | 423,45]
[OESTE] [7,24 | 50,28 | 996,79 | 219,29]
[NORTE] [35,89 | 54,57 | 984,55 | 976,05]
[SUL] [36,59 | 42,48 | 1010,79 | 767,80]
[OESTE] [20,45 | 66,40 | 980,49 | 533,37]
[LESTE] [29,26 | 21,25 | 1024,44 | 762,57]
[SUL] [-8,35 | 81,24 | 1006,40 | 375,16]
[NORTE] [3,53 | 44,75 | 966,58 | 537,01]
[OESTE] [26,18 | 93,08 | 988,67 | 420,78]
[LESTE] [28,05 | 57,98 | 979,88 | 230,86]
[NORTE] [8,62 | 84,79 | 1001,74 | 183,16]
[SUL] [14,23 | 93,00 | 974,16 | 655,54]
[OESTE] [33,14 | 65,47 | 1037,87 | 542,04]
[NORTE] [14,60 | 71,81 | 992,17 | 833,08]
[OESTE] [13,79 | 40,23 | 990,36 | 513,60]
[LESTE] [31,78 | 75,94 | 993,47 | 587,11]
[SUL] [26,48 | 56,67 | 1027,66 | 739,53]
